function mGray = Gray16QAM()
  mGray = [0,1,3,2;4,5,7,6;12,13,15,14;8,9,11,10];
end
